TASKS:
[('move', (15, 15)), 'drill', 'recharge', ('move', (5, 21)), ('move', (15, 7)), 'recharge', ('move', (25, 20)), 'recharge', ('move', (35, 35)), 'drill']
(3, 35) -> (15, 15)
(477, 467)
11.925 11.675
Planned path:  [(41, 414), (53, 414), (65, 414), (77, 414), (89, 414), (101, 414), (113, 414), (125, 414), (137, 414), (149, 414), (160, 402), (172, 391), (172, 379), (172, 367), (172, 356), (172, 344), (172, 332), (172, 321), (172, 309), (172, 297), (172, 286), (172, 274), (172, 262), (184, 251), (196, 239), (196, 227), (196, 215), (184, 204), (184, 192), (184, 180)]
Path length:  30
Total path cost:  36
Total nodes expanded:  173
Outputting result to ../out/test_2_task_1.png.
(15, 15) -> (5, 21)
(477, 467)
11.925 11.675
Planned path:  [(184, 180), (184, 192), (184, 204), (196, 215), (196, 227), (196, 239), (184, 251), (184, 262), (184, 274), (184, 286), (172, 297), (160, 309), (149, 309), (137, 309), (125, 309), (113, 309), (101, 297), (101, 286), (89, 274), (77, 262), (65, 251)]
Path length:  21
Total path cost:  27
Total nodes expanded:  305
Outputting result to ../out/test_2_task_4.png.
(5, 21) -> (15, 7)
(477, 467)
11.925 11.675
Planned path:  [(65, 251), (65, 239), (65, 227), (65, 215), (65, 204), (65, 192), (65, 180), (77, 169), (89, 157), (89, 145), (89, 134), (89, 122), (101, 110), (113, 110), (125, 110), (137, 110), (149, 110), (160, 110), (172, 99), (184, 87)]
Path length:  20
Total path cost:  20
Total nodes expanded:  571
Outputting result to ../out/test_2_task_5.png.
(15, 7) -> (25, 20)
(477, 467)
11.925 11.675
Planned path:  [(184, 87), (196, 87), (208, 87), (220, 87), (232, 87), (244, 87), (256, 87), (268, 87), (280, 99), (292, 110), (292, 122), (292, 134), (292, 145), (292, 157), (304, 169), (304, 180), (304, 192), (304, 204), (304, 215), (304, 227), (304, 239)]
Path length:  21
Total path cost:  26
Total nodes expanded:  935
Outputting result to ../out/test_2_task_7.png.
(25, 20) -> (35, 35)
(477, 467)
11.925 11.675
Planned path:  [(304, 239), (304, 251), (304, 262), (304, 274), (316, 286), (327, 297), (339, 309), (339, 321), (339, 332), (351, 344), (363, 356), (375, 367), (387, 379), (399, 391), (411, 402), (423, 414)]
Path length:  16
Total path cost:  16
Total nodes expanded:  1312
Outputting result to ../out/test_2_task_9.png.
