TASKS:
[('move', (15, 15)), 'drill', 'recharge', ('move', (5, 21)), ('move', (15, 7)), 'recharge', ('move', (25, 20)), 'recharge', ('move', (35, 35)), 'drill']
(3, 35) -> (15, 15)
(477, 467)
11.925 11.675
Planned path:  [(41, 414), (53, 402), (65, 402), (77, 402), (89, 402), (101, 402), (113, 402), (125, 402), (137, 402), (149, 402), (160, 402), (172, 391), (172, 379), (172, 367), (172, 356), (184, 344), (184, 332), (184, 321), (184, 309), (184, 297), (184, 286), (184, 274), (184, 262), (184, 251), (196, 239), (196, 227), (196, 215), (184, 204), (184, 192), (184, 180)]
Path length:  30
Total path cost:  36
Total nodes expanded:  71
Outputting result to ../out/test_2_task_1.png.
(15, 15) -> (5, 21)
(477, 467)
11.925 11.675
Planned path:  [(184, 180), (184, 192), (184, 204), (196, 215), (196, 227), (196, 239), (184, 251), (172, 262), (172, 274), (172, 286), (172, 297), (160, 309), (149, 309), (137, 309), (125, 309), (113, 297), (101, 286), (89, 274), (77, 262), (65, 251)]
Path length:  20
Total path cost:  31
Total nodes expanded:  119
Outputting result to ../out/test_2_task_4.png.
(5, 21) -> (15, 7)
(477, 467)
11.925 11.675
Planned path:  [(65, 251), (77, 239), (89, 227), (89, 215), (89, 204), (89, 192), (89, 180), (89, 169), (89, 157), (89, 145), (89, 134), (101, 122), (113, 110), (125, 99), (137, 99), (149, 87), (160, 87), (172, 87), (184, 87)]
Path length:  19
Total path cost:  24
Total nodes expanded:  148
Outputting result to ../out/test_2_task_5.png.
(15, 7) -> (25, 20)
(477, 467)
11.925 11.675
Planned path:  [(184, 87), (196, 99), (208, 99), (220, 99), (232, 99), (244, 99), (256, 110), (268, 122), (280, 134), (292, 145), (304, 157), (304, 169), (304, 180), (304, 192), (304, 204), (304, 215), (304, 227), (304, 239)]
Path length:  18
Total path cost:  36
Total nodes expanded:  178
Outputting result to ../out/test_2_task_7.png.
(25, 20) -> (35, 35)
(477, 467)
11.925 11.675
Planned path:  [(304, 239), (316, 251), (327, 262), (339, 274), (351, 286), (363, 297), (375, 309), (387, 321), (399, 332), (411, 344), (423, 356), (423, 367), (423, 379), (423, 391), (423, 402), (423, 414)]
Path length:  16
Total path cost:  16
Total nodes expanded:  194
Outputting result to ../out/test_2_task_9.png.
